4294967279,307
416,4
416,3
416,2
416,1
416,0
415,7
4294967279,306
4294967279,301
415,6
4294967278,554
415,5
415,4
415,3
415,2
415,1
415,0
4294967278,553
4294967279,322
414,6
414,5
414,4
414,3
414,2
414,1
414,0
413,5
413,4
413,3
413,2
413,1
413,0
4294967279,300
412,4
412,3
412,2
412,1
412,0
4294967278,548
411,5
411,4
411,3
411,2
411,1
411,0
410,4
410,3
410,2
410,1
410,0
409,4
409,3
409,2
409,1
409,0
408,5
408,4
408,3
408,2
408,1
408,0
407,5
407,4
407,3
407,2
407,1
407,0
406,4
406,3
406,2
406,1
406,0
4294967278,373
405,4
405,3
405,2
405,1
405,0
4294967278,546
404,7
404,6
4294967278,545
404,5
404,4
404,3
404,2
404,1
404,0
4294967279,400
403,6
403,5
403,4
403,3
403,2
403,1
403,0
4294967279,299
402,5
402,4
402,3
402,2
402,1
402,0
401,4
401,3
401,2
401,1
401,0
400,5
400,4
400,3
400,2
400,1
400,0
399,4
399,3
399,2
399,1
399,0
398,4
398,3
398,2
398,1
398,0
4294967279,298
397,5
397,4
397,3
397,2
397,1
397,0
396,5
396,4
396,3
396,2
396,1
396,0
395,4
395,3
395,2
395,1
395,0
4294967278,334
4294967279,297
394,4
394,3
394,2
394,1
394,0
4294967279,276
4294967293,131
4294967293,130
4294967293,129
4294967293,128
4294967293,127
4294967293,126
4294967293,125
4294967293,124
4294967293,123
4294967293,122
4294967293,121
4294967293,120
4294967293,119
4294967293,118
4294967293,117
4294967293,116
4294967293,115
4294967293,114
4294967293,113
4294967293,112
4294967293,111
4294967293,110
4294967293,109
4294967293,108
4294967293,107
4294967293,106
4294967293,105
4294967293,104
4294967293,103
4294967293,102
4294967293,101
4294967293,100
4294967293,99
4294967293,98
4294967293,97
4294967293,96
4294967293,95
4294967293,94
4294967293,93
4294967293,92
4294967293,91
4294967293,90
4294967293,89
4294967293,88
4294967293,87
4294967293,86
4294967293,85
4294967293,84
4294967293,83
4294967293,82
4294967293,81
4294967293,80
4294967293,79
4294967293,78
4294967293,77
4294967293,76
4294967293,75
4294967293,74
4294967293,73
4294967293,72
4294967293,71
4294967293,70
4294967293,69
4294967293,68
4294967293,67
4294967293,66
4294967293,65
4294967293,64
4294967293,63
4294967293,62
4294967293,61
4294967293,60
4294967293,59
4294967293,58
4294967293,57
4294967293,56
4294967293,55
4294967293,54
4294967293,53
4294967293,52
4294967293,51
4294967293,50
4294967293,49
4294967293,48
4294967293,47
4294967293,46
4294967293,45
4294967293,44
4294967293,43
4294967293,42
4294967293,41
4294967293,40
4294967293,39
4294967293,38
4294967293,37
4294967293,36
4294967293,35
4294967293,34
4294967293,33
4294967293,32
4294967293,31
4294967293,30
4294967293,29
4294967293,28
4294967293,27
4294967293,26
4294967293,25
4294967293,24
4294967293,23
4294967293,22
4294967293,21
4294967293,20
4294967293,19
4294967293,18
4294967293,17
4294967293,16
4294967293,15
4294967293,14
4294967293,13
4294967293,12
4294967293,11
4294967293,10
4294967293,9
4294967293,8
4294967293,7
4294967293,6
4294967293,5
4294967293,4
4294967293,3
4294967293,2
4294501266,0
4294501265,0
4294501264,0
4294501263,0
4294501262,0
4294501261,0
4294501260,0
4294501259,0
4294501258,0
4294501257,0
4294967293,0
4294967278,48
4294967278,540
4294967278,160
4294967278,47
4294967278,365
4294967278,159
4294967278,46
4294967278,544
4294967278,158
4294967278,45
4294967278,358
4294967278,157
4294967278,44
4294967278,528
4294967278,156
4294967278,43
4294967278,155
4294967278,350
4294967278,42
4294967278,383
4294967278,153
4294967278,41
4294967278,532
4294967278,152
4294967278,40
4294967278,331
4294967278,151
4294967278,39
4294967278,354
4294967278,150
4294967278,38
4294967278,337
4294967278,149
4294967278,37
4294967278,379
4294967278,148
4294967278,36
4294967278,345
4294967278,147
4294967278,35
4294967278,344
4294967278,146
4294967278,34
4294967278,531
4294967278,145
4294967278,33
4294967278,332
4294967278,144
4294967278,32
